1
4
6
8
12
17
20
25
26
28
30
33
39
43
44
52
53
54
56
58
60
61
62
63
69
71
72
74
77
79
82
83
85
86
89
92
94
95
99
101
102
104
112
115
117
118
120
121
125
126
128
132
133
134
143
144
149
150
154
155
156
157
162
163
164
167
170
171
174
175
178
179
182
183
184
186
189
190
194
195
197
200
202
204
205
207
209
210
211
212
213
219
220
222
225
226
227
228
238
241
242
245
249
251
252
253
254
255
257
258
259
261
263
264
267
269
270
272
273
276
277
282
283
284
285
293
295
296
298
300
301
309
312
313
320
322
323
324
325
327
334
336
338
340
341
345
346
357
360
361
362
363
364
366
367
368
369
370
371
372
373
374
378
379
381
382
384
386
389
390
392
395
396
397
398
399
400
402
403
404
405
408
409
410
411
412
415
417
418
421
422
424
425
426
427
428
429
432
433
435
436
437
438
442
443
444
445
446
447
448
449
450
452
453
454
455
456
457
458
459
461
463
464
467
469
472
473
475
477
482
483
488
491
492
493
495
497
498
503
505
506
514
516
517
522
523
528
530
531
532
534
536
540
544
545
547
552
559
562
564
568
571
572
577
585
586
588
589
591
598
599
604
612
617
621
630
632
633
635
642
646
648
649
650
651
653
657
659
660
661
662
663
664
665
666
669
670
671
672
673
675
676
677
678
679
680
682
684
685
686
690
692
693
694
698
700
703
704
707
708
711
713
714
715
716
718
720
721
724
725
731
734
735
737
738
740
741
742
743
744
745
746
747
749
751
752
753
754
756
757
759
761
762
763
765
766
768
770
772
773
774
777
779
780
781
784
785
787
788
789
790
791
794
795
796
797
798
799
801
802
803
804
805
807
808
810
816
817
821
822
824
825
826
827
828
829
831
833
835
837
840
842
843
844
845
846
847
851
853
855
857
860
861
863
864
865
866
869
870
871
872
873
878
879
880
881
882
883
887
889
890
891
893
896
900
901
902
903
905
906
908
911
912
914
917
918
922
923
925
928
929
930
931
933
935
936
938
939
940
941
942
945
946
951
953
954
955
956
958
959
960
962
963
965
966
969
972
974
975
977
978
980
981
982
983
984
987
988
989
990
991
992
993
994
996
997
998
999
1000
1004
1006
1008
1009
1011
1012
1017
1020
1021
1022
1023
1028
1032
1033
1038
1042
1043
1044
1045
1046
1047
1049
1051
1054
1055
1059
1063
1068
1069
1070
1071
1074
1084
1086
1087
1091
1093
1094
1099
1102
1105
1106
1107
1109
1114
1115
1117
1120
1121
1122
1125
1126
1128
1130
1131
1133
1134
1135
1136
1137
1140
1141
1142
1143
1144
1145
1146
1148
1149
1150
1152
1153
1155
1158
1162
1166
1167
1169
1170
1172
1173
1174
1175
1176
1177
1179
1180
1181
1182
1183
1184
1185
1186
1188
1190
1192
1193
1194
1195
1196
1197
1198
1200
1201
1202
1203
1206
1209
1210
1214
1215
1217
1219
1220
1221
1222
1224
1225
1226
1229
1230
1233
1235
1236
1237
1238
1239
1244
1245
1246
1247
1248
1249
1251
1254
1255
1256
1257
1259
1260
1261
1262
1263
1266
1267
1268
1270
1271
1273
1274
1275
1276
1280
1281
1284
1285
1287
1288
1289
1290
1291
1292
1294
1296
1299
1300
1301
1303
1304
1305
1306
1312
1314
1315
1316
1317
1319
1320
1322
1323
1325
1326
1327
1329
1330
1331
1332
1337
1338
1340
1342
1344
1345
1347
1349
1350
1352
1354
1355
1356
1359
1361
1362
1363
1365
1366
1368
1369
1370
1372
1373
1375
1376
1377
1379
1381
1384
1388
1391
1394
1395
1397
1401
1402
1403
1404
1408
1409
1411
1413
1414
1415
1416
1417
1418
1419
1421
1424
1425
1426
1428
1429
1433
1434
1443
1446
1448
1449
1450
1452
1454
1455
1456
1457
1459
1460
1464
1465
1466
1467
1471
1472
1473
1474
1476
1477
1479
1480
1481
1482
1483
1484
1485
1487
1495
1498
1500
1501
1506
1510
1512
1516
1518
1524
1532
1534
1539
1542
1549
1552
1553
1561
1563
1567
1569
1573
1577
1579
1583
1584
1587
1589
1590
1592
1596
1597
1598
1599
1601
1602
1604
1605
1607
1609
1610
1612
1617
1621
1624
1625
1626
1628
1629
1630
1631
1632
1633
1634
1635
1636
1638
1642
1644
1645
1647
1648
1649
1651
1652
1653
1654
1659
1662
1663
1665
1666
1667
1668
1669
1670
1671
1673
1674
1676
1678
1680
1682
1684
1686
1689
1690
1691
1692
1693
1694
1695
1696
1701
1702
1704
1706
1708
1709
1710
1711
1713
1714
1715
1716
1717
1718
1720
1721
1722
1726
1727
1728
1730
1736
1738
1740
1747
1750
1751
1756
1761
1763
1770
1774
1775
1776
1779
1780
1781
1783
1784
1786
1788
1789
1791
1792
1793
1796
1797
1800
1801
1802
1804
1805
1807
1808
1809
1810
1812
1813
1814
1815
1816
1817
1819
1820
1821
1822
1823
1824
1828
1829
1830
1831
1832
1833
1835
1836
1837
1842
1844
1846
1847
1849
1850
1851
1853
1854
1856
1857
1859
1860
1861
1862
1866
1867
1868
1869
1870
1873
1874
1875
1877
1878
1879
1882
1884
1886
1887
1889
1890
1891
1892
1896
1897
1898
1899
1900
1901
1902
1903
1907
1909
1910
1912
1917
1918
1920
1921
1922
1925
1926
1928
1929
1930
1932
1933
1934
1935
1936
1938
1939
1940
1941
1942
1943
1944
1946
1947
1948
1949
1950
1951
1952
1953
1956
1958
1961
1964
1965
1969
1970
1971
1972
1974
1977
1978
1981
1984
1985
1986
1987
1989
1994
1996
1997
1998
1999
2000
2001
2003
2005
2006
2007
2009
2011
2013
2015
2016
2019
2020
2023
2024
2025
2026
2027
2029
2030
2033
2034
2037
2039
2041
2042
2043
2047
2048
2049
2050
2051
2052
2062
2064
2067
2068
2069
2070
2075
2079
2080
2081
2083
2084
2086
2087
2088
2089
2090
2091
2097
2098
2101
2103
2105
2107
2108
2110
2113
2114
2115
2116
2118
2119
2121
2122
2127
2128
2131
2132
2133
2134
2135
2136
2137
2138
2139
2140
2141
2143
2146
2147
2148
2149
2150
2151
2153
2154
2155
2157
2158
2160
2161
2164
2165
2169
2171
2173
2174
2176
2177
2179
2180
2181
2184
2185
2186
2189
2190
2191
2192
2198
2199
2204
2205
2206
2207
2208
2210
2211
2212
2213
2214
2216
2217
2218
2219
2220
2221
2222
2223
2224
2228
2229
2230
2231
2233
2234
2235
2236
2239
2240
2243
2244
2245
2246
2247
2248
2250
2251
2252
2253
2255
2257
2258
2261
2262
2263
2267
2271
2272
2273
2274
2276
2277
2278
2279
2281
2282
2284
2285
2286
2287
2289
2290
2292
2295
2296
2298
2300
2303
2304
2305
2306
2307
2308
2309
2311
2313
2316
2317
2318
2320
2322
2324
2327
2328
2329
2333
2336
2338
2341
2342
2344
2345
2346
2347
2349
2352
2353
2355
2356
2359
2360
2361
2363
2366
2367
2368
2369
2371
2373
2376
2377
2378
2380
2381
2383
2387
2390
2391
2392
2393
2395
2396
2397
2398
2399
2401
2404
2405
2406
2407
2410
2411
2412
2415
2417
2418
2419
2420
2421
2423
2426
2427
2429
2430
2431
2433
2434
2441
2443
2444
2446
2447
2448
2449
2451
2452
2453
2454
2456
2461
2463
2464
2465
2466
2467
2472
2473
2474
2476
2477
2478
2479
2480
2483
2485
2486
2487
2488
2489
2490
2491
2493
2494
2495
2496
2500
2501
2503
2507
2508
2510
2512
2515
2517
2518
2519
2520
2521
2522
2523
2526
2529
2530
2531
2532
2533
2534
2535
2536
2537
2542
2548
2549
2552
2553
2556
2557
2558
2559
2561
2562
2563
2566
2567
2568
2569
2571
2573
2574
2577
2579
2581
2582
2583
2584
2585
2587
2590
2595
2596
2597
2600
2601
2603
2606
2614
2616
2618
2619
2624
2627
2631
2640
2641
2644
2648
2663
2666
2667
2671
2673
2682
2683
2689
2692
2696
2698
2699
2702
2703
2705
2706
2710
2712
2715
2717
2718
2720
2730
2733
2736
2738
2741
2745
2746
2749
2750
2752
2754
2755
2757
2762
2769
2770
2773
2774
2775
2776
2778
2783
2786
2787
2789
2790
2792
2793
2794
2795
2796
2798
2799
2800
2804
2805
2806
2808
2810
2811
2814
2816
2817
2818
2822
2823
2824
2825
2828
2829
2830
2831
2833
2834
2839
2840
2841
2843
2849
2850
2851
2852
2858
2859
2860
2862
2865
2867
2868
2870
2871
2872
2874
2875
2878
2879
2886
2892
2907
2910
2912
2924
2927
2928
2929
2930
2933
2940
2941
2942
2950
2955
2957
2971
2972
2974
2975
2976
2977
2978
2981
2985
2986
2987
2988
2989
2990
2995
2996
2997
2999
3001
3002
3003
3006
3007
3008
3011
3012
3013
3016
3018
3021
3024
3025
3026
3030
3031
3036
3037
3039
3043
3047
3048
3049
3050
3052
3053
3054
3055
3057
3058
3059
3060
3062
3064
3068
3069
3072
3074
3077
3078
3079
3083
3085
3086
3088
3093
3094
3095
3097
3099
3100
3102
3103
3108
3110
3116
3119
3121
3122
3123
3127
3128
3131
3135
3136
3137
3139
3140
3142
3146
3148
3149
3151
3153
3154
3155
3157
3159
3161
3162
3164
3167
3168
3169
3171
3172
3173
3182
3183
3186
3187
3190
3191
3192
3193
3194
3195
3196
3197
3199
3200
3202
3203
3204
3207
3208
3209
3211
3214
3216
3218
3221
3223
3224
3232
3234
3236
3237
3239
3240
3241
3245
3246
3249
3252
3255
3259
3260
3262
3268
3269
3272
3273
3274
3278
3280
3282
3283
3285
3286
3292
3294
3296
3297
3298
3299
3301
3302
3305
3306
3308
3310
3312
3313
3316
3318
3320
3321
3323
3324
3325
3327
3328
3329
3331
3334
3336
3341
3342
3343
3348
3349
3350
3352
3354
3356
3359
3360
3361
3362
3363
3365
3366
3368
3369
3372
3381
3382
3385
3388
3392
3393
3394
3395
3397
3400
3401
3402
3404
3405
3407
3408
3410
3414
3419
3424
3426
3427
3428
3430
3432
3434
3435
3437
3438
3439
3442
3444
3445
3446
3447
3449
3452
3453
3454
3455
3456
3458
3459
3461
3462
3465
3466
3467
3468
3471
3474
3476
3477
3481
3483
3484
3486
3488
3491
3492
3493
3494
3496
3501
3504
3509
3510
3511
3512
3513
3514
3516
3517
3518
3519
3521
3522
3523
3525
3530
3531
3532
3535
3536
3539
3540
3541
3542
3543
3546
3549
3550
3551
3552
3553
3558
3559
3563
3564
3565
3568
3570
3571
3572
3573
3575
3577
3579
3580
3583
3585
3587
3589
3590
3591
3592
3593
3594
3598
3599
3603
3605
3606
3607
3612
3613
3615
3616
3619
3620
3621
3624
3625
3627
3628
3629
3634
3635
3636
3637
3643
3645
3646
3647
3648
3649
3650
3651
3652
3653
3654
3655
3656
3657
3659
3661
3662
3663
3666
3667
3669
3670
3674
3676
3679
3681
3682
3683
3685
3688
3689
3691
3695
3696
3697
3699
3700
3701
3704
3706
3707
3710
3716
3718
3720
3721
3722
3729
3733
3735
3736
3739
3740
3743
3744
3745
3750
3751
3753
3755
3756
3757
3758
3760
3763
3767
3768
3769
3771
3774
3775
3777
3782
3783
3785
3786
3787
3789
3790
3793
3794
3796
3797
3801
3802
3803
3804
3806
3807
3809
3810
3812
3818
3821
3822
3823
3825
3826
3827
3829
3830
3831
3832
3835
3836
3837
3838
3839
3841
3846
3848
3849
3854
3855
3865
3867
3870
3871
3873
3874
3875
3878
3879
3880
3881
3882
3884
3885
3887
3888
3889
3890
3895
3896
3899
3900
3905
3906
3908
3909
3911
3912
3915
3917
3920
3921
3923
3924
3925
3930
3933
3935
3937
3939
3940
3945
3946
3949
3950
3951
3952
3953
3956
3957
3958
3959
3960
3961
3962
3963
3965
3966
3970
3971
3972
3974
3977
3978
3982
3984
3990
3992
3994
3996
3997
3999
4000
4001
4004
4005
4006
4007
4010
4012
4013
4014
4015
4018
4019
4022
4024
4026
4027
4028
4029
4030
4031
4035
4036
4041
4042
4043
4048
4049
4050
4052
4055
4058
4059
4062
4063
4064
4065
4066
4069
4070
4072
4073
4076
4077
4078
4080
4081
4082
4086
4088
4090
4091
4092
4093
4095
4096
4099
4100
4104
4106
4108
4111
4112
4113
4115
4120
4122
4124
4128
4131
4133
4134
4140
4141
4142
4143
4147
4150
4151
4154
4157
4160
4164
4167
4168
4170
4172
4173
4174
4176
4178
4180
4183
4186
4187
4190
4192
4194
4199
4201
4206
4210
4211
4213
4214
4216
4217
4218
4219
4220
4221
4225
4227
4228
4231
4232
4233
4234
4236
4239
4240
4241
4247
4251
4255
4256
4257
4258
4259
4263
4266
4267
4268
4270
4271
4272
4273
4275
4276
4278
4280
4281
4282
4285
4286
4289
4290
4291
4294
4295
4296
4301
4304
4305
4306
4309
4310
4320
4321
4322
4323
4327
4328
4330
4331
4333
4336
4337
4338
4340
4341
4342
4343
4344
4345
4348
4350
4351
4352
4354
4356
4357
4360
4361
4363
4364
4366
4370
4372
4374
4375
4377
4378
4379
4382
4383
4384
4385
4386
4387
4389
4391
4395
4396
4399
4400
4402
4403
4407
4409
4411
4412
4414
4418
4420
4421
4423
4424
4429
4432
4435
4437
4438
4439
4440
4442
4447
4452
4454
4456
4463
4466
4469
4470
4472
4475
4478
4479
4480
4481
4482
4483
4484
4485
4487
4488
4490
4495
4497
4499
4504
4505
4507
4509
4511
4512
4515
4517
4519
4521
4523
4525
4526
4528
4530
4534
4535
4536
4537
4539
4540
4541
4544
4546
4548
4549
4551
4553
4554
4555
4557
4558
4559
4562
4564
4565
4568
4571
4574
4576
4577
4583
4587
4590
4591
4592
4593
4595
4596
4597
4598
4599
4601
4602
4604
4606
4607
4608
4609
4610
4616
4617
4620
4621
4623
4624
4627
4628
4635
4636
4643
4644
4646
4648
4649
4650
4653
4655
4659
4661
4662
4663
4664
4666
4667
4670
4672
4673
4675
4679
4683
4686
4688
4696
4697
4698
4699
4700
4702
4704
4706
4707
4710
4713
4716
4718
4720
4722
4729
4731
4734
4736
4739
4740
4744
4750
4752
4755
4756
4758
4760
4762
4763
4765
4766
4767
4770
4772
4773
4774
4777
4778
4779
4780
4781
4782
4783
4786
4789
4790
4793
4795
4796
4797
4799
4800
4801
4803
4804
4807
4808
4809
4810
4812
4814
4816
4817
4819
4820
4821
4822
4824
4825
4827
4829
4830
4831
4832
4834
4836
4839
4840
4841
4842
4844
4845
4846
4847
4851
4852
4853
4855
4857
4858
4860
4861
4866
4867
4868
4876
4877
4879
4880
4883
4888
4890
4892
4893
4894
4895
4896
4898
4901
4902
4904
4905
4909
4910
4911
4912
4913
4923
4925
4927
4928
4929
4930
4932
4933
4934
4935
4936
4937
4939
4940
4942
4943
4944
4948
4949
4950
4952
4954
4955
4957
4958
4959
4962
4967
4970
4971
4976
4981
4982
4983
4985
4987
4992
4996
4997
4999
5000
5004
5005
5008
5009
5010
5011
5012
5015
5018
5023
5024
5025
5027
5028
5029
5030
5031
5034
5036
5040
5042
5043
5044
5047
5048
5049
5051
5052
5053
5054
5055
5059
5061
5062
5064
5066
5067
5068
5069
5073
5074
5075
5076
5080
5082
5084
5086
5089
5092
5094
5095
5097
5098
5099
5100
5102
5103
5105
5110
5111
5113
5115
5117
5118
5119
5123
5124
5127
5129
5137
5139
5140
5141
5142
5143
5144
5148
5149
5152
5153
5157
5159
5161
5164
5165
5166
5167
5168
5169
5171
5173
5175
5176
5181
5182
5183
5185
5187
5188
5189
5193
5194
5197
5200
5201
5202
5207
5208
5209
5210
5213
5214
5217
5221
5222
5223
5232
5233
5240
5241
5246
5248
5249
5250
5252
5254
5255
5256
5257
5265
5267
5268
5269
5270
5272
5273
5276
5281
5282
5284
5285
5287
5288
5291
5292
5297
5299
5300
5302
5303
5304
5305
5307
5308
5312
5314
5319
5320
5321
5323
5324
5328
5332
5333
5334
5336
5338
5343
5346
5348
5349
5353
5354
5359
5360
5363
5364
5368
5369
5370
5372
5374
5376
5377
5378
5380
5384
5385
5388
5390
5392
5393
5394
5399
5404
5405
5408
5409
5411
5413
5415
5420
5422
5426
5427
5429
5437
5439
5440
5441
5442
5443
5447
5448
5450
5451
5452
5453
5454
5455
5456
5460
5462
5465
5466
5467
5468
5469
5473
5475
5477
5478
5482
5486
5487
5490
5491
5492
5493
5497
5499
5504
5505
5508
5509
5511
5512
5514
5515
5516
5517
5520
5523
5524
5527
5531
5532
5533
5540
5542
5543
5546
5547
5549
5550
5551
5554
5555
5556
5560
5562
5564
5568
5570
5572
5574
5575
5579
5580
5581
5582
5585
5586
5588
5589
5591
5592
5593
5595
5596
5597
5598
5599
5600
5601
5602
5603
5610
5612
5614
5616
5617
5618
5622
5623
5625
5627
5631
5632
5635
5636
5641
5642
5646
5647
5652
5654
5656
5657
5663
5670
5675
5676
5678
5679
5680
5682
5684
5689
5695
5697
5699
5702
5704
5707
5709
5711
5712
5713
5714
5715
5718
5720
5723
5725
5730
5731
5735
5740
5741
5745
5747
5748
5753
5755
5760
5762
5764
5767
5769
5770
5771
5773
5779
5781
5786
5788
5789
5792
5793
5795
5798
5799
5802
5804
5806
5809
5811
5812
5817
5819
5820
5821
5826
5828
5829
5830
5831
5833
5835
5836
5837
5838
5839
5840
5842
5843
5846
5850
5851
5858
5864
5865
5869
5872
5873
5874
5875
5877
5878
5882
5883
5884
5886
5887
5889
5890
5892
5898
5899
5900
5901
5905
5906
5908
5910
5912
5913
5914
5915
5920
5922
5923
5925
5926
5927
5930
5932
5934
5935
5938
5941
5945
5946
5947
5949
5955
5956
5959
5960
5961
5962
5963
5965
5968
5969
5971
5973
5975
5977
5982
5985
5986
5990
5992
5994
5995
5996
6000
6001
6004
6006
6007
6008
6015
6016
6017
6018
6019
6020
6021
6022
6028
6029
6031
6033
6034
6035
6037
6040
6043
6046
6047
6048
6049
6053
6055
6060
6061
6064
6066
6068
6075
6076
6077
6081
6083
6086
6087
6088
6091
6093
6094
6096
6098
6099
6100
6101
6104
6106
6110
6111
6112
6113
6118
6119
6121
6123
6125
6126
6127
6128
6134
6135
6138
6139
6140
6141
6146
6147
6150
6151
6152
6154
6155
6158
6160
6167
6168
6171
6173
6174
6175
6178
6191
6196
6197
6202
6204
6205
6206
6207
6209
6213
6214
6216
6217
6221
6222
6223
6224
6225
6229
6231
6233
6234
6236
6237
6240
6242
6243
6245
6250
6251
6252
6253
6254
6255
6257
6258
6259
6261
6263
6264
6265
6267
6268
6269
6271
6272
6274
6277
6279
6282
6288
6292
6294
6295
6296
6297
6299
6300
6302
6307
6308
6309
6312
6313
6314
6315
6317
6318
6319
6320
6321
6326
6337
6338
6340
6341
6343
6344
6346
6349
6352
6355
6357
6358
6359
6360
6361
6365
6366
6367
6368
6369
6373
6374
6375
6376
6377
6379
6380
6385
6387
6388
6389
6392
6393
6394
6397
6399
6400
6402
6405
6407
6408
6412
6413
6415
6417
6419
6420
6425
6429
6430
6432
6436
6437
6438
6439
6443
6444
6447
6449
6450
6451
6453
6456
6459
6460
6461
6462
6466
6467
6469
6473
6474
6476
6479
6481
6482
6483
6484
6485
6486
6487
6490
6491
6493
6496
6497
6499
6500
6502
6504
6506
6507
6508
6509
6513
6515
6516
6517
6519
6522
6524
6525
6526
6527
6528
6529
6531
6532
6533
6534
6535
6538
6540
6541
6542
6543
6546
6547
6550
6552
6553
6556
6557
6559
6561
6564
6568
6569
6575
6578
6579
6580
6585
6586
6591
6592
6593
6594
6595
6597
6599
6607
6609
6613
6614
6616
6618
6619
6624
6626
6627
6628
6632
6639
6641
6642
6644
6645
6646
6647
6648
6649
6653
6658
6661
6662
6663
6664
6665
6667
6669
6673
6674
6678
6680
6686
6690
6693
6697
6698
6699
6700
6701
6702
6704
6706
6708
6712
6714
6717
6721
6724
6726
6728
6729
6731
6732
6733
6736
6741
6745
6747
6748
6751
6755
6756
6758
6760
6761
6764
6768
6771
6772
6774
6777
6778
6780
6781
6784
6786
6787
6789
6790
6791
6792
6793
6796
6797
6798
6800
6805
6806
6809
6811
6814
6815
6817
6823
6829
6831
6838
6839
6842
6844
6846
6847
6848
6850
6853
6854
6855
6856
6859
6860
6863
6866
6867
6869
6870
6873
6874
6876
6879
6881
6884
6885
6887
6890
6893
6895
6897
6899
6901
6902
6903
6905
6907
6908
6910
6912
6913
6915
6918
6920
6921
6922
6923
6927
6928
6929
6930
6933
6938
6942
6943
6945
6948
6950
6953
6956
6958
6960
6962
6963
6966
6967
6972
6973
6977
6978
6981
6982
6984
6989
6991
6994
6996
6997
6999
7001
7004
7005
7006
7007
7009
7012
7013
7015
7016
7019
7020
7021
7022
7024
7027
7028
7029
7030
7031
7032
7034
7037
7038
7039
7040
7042
7045
7046
7047
7049
7050
7052
7054
7057
7061
7062
7063
7068
7070
7071
7074
7076
7080
7083
7085
7086
7092
7093
7094
7095
7098
7102
7103
7106
7107
7109
7111
7114
7115
7120
7121
7122
7125
7126
7131
7133
7140
7148
7149
7152
7153
7157
7160
7161
7163
7165
7172
7175
7176
7181
7184
7187
7189
7192
7193
7195
7200
7201
7204
7213
7214
7216
7218
7219
7221
7222
7223
7226
7227
7228
7229
7230
7232
7234
7236
7239
7240
7241
7243
7244
7245
7246
7250
7257
7259
7260
7263
7265
7266
7269
7270
7277
7278
7279
7282
7284
7286
7289
7290
7294
7295
7298
7299
7302
7304
7305
7306
7307
7308
7310
7314
7315
7319
7322
7323
7324
7328
7331
7333
7334
7335
7336
7338
7341
7342
7343
7344
7345
7346
7348
7350
7352
7353
7354
7355
7357
7360
7361
7365
7366
7370
7371
7374
7377
7379
7382
7386
7387
7390
7391
7392
7395
7396
7398
7400
7401
7405
7410
7412
7413
7414
7415
7418
7419
7420
7422
7423
7424
7426
7434
7439
7441
7444
7445
7446
7452
7454
7455
7456
7459
7460
7461
7463
7465
7467
7470
7472
7473
7475
7476
7478
7479
7482
7488
7489
7492
7493
7496
7502
7505
7506
7509
7510
7511
7517
7523
7524
7525
7536
7539
7541
7542
7560
7563
7564
7566
7567
7570
7572
7573
7579
7581
7583
7587
7591
7593
7595
7596
7597
7600
7605
7608
7609
7610
7616
7619
7623
7624
7631
7634
7635
7636
7643
7649
7650
7654
7655
7656
7660
7670
7673
7680
7683
7691
7692
7693
7694
7695
7697
7704
7710
7713
7714
7717
7718
7719
7720
7721
7723
7730
7734
7736
7737
7739
7747
7750
7766
7773
7776
7779
7789
7795
7803
7804
7805
7807
7813
7818
7820
7823
7825
7830
7837
7841
7842
7843
7844
7846
7847
7849
7850
7851
7853
7854
7855
7856
7860
7861
7865
7866
7868
7869
7870
7872
7875
7876
7879
7880
7881
7883
7887
7888
7889
7893
7896
7899
7900
7901
7905
7906
7910
7911
7912
7914
7916
7919
7920
7921
7923
7925
7930
7932
7937
7941
7946
7947
7948
7951
7953
7959
7961
7964
7969
7970
7974
7977
7979
7980
7981
7982
7983
7984
7985
7987
7993
7994
7995
7996
7997
8001
8002
8003
8004
8006
8008
8009
8013
8017
8026
8032
8043
8044
8046
8049
8051
8052
8054
8065
8069
8072
8102
8104
8105
8107
8108
8121
8123
8126
8135
8139
8141
8146
8150
8153
8159
8174
8184
8186
8195
8206
8210
8217
8222
8224
8226
8227
8229
8233
8239
8241
8246
8250
8265
8272
8279
8280
8293
8297
8299
8316
8324
8325
8327
8329
8332
8334
8335
8336
8338
8339
8340
8344
8345
8346
8351
8352
8357
8358
8361
8363
8364
8365
8369
8374
8380
8381
8382
8384
8385
8386
8387
8388
8394
8395
8396
8399
8404
8405
8410
8412
8414
8415
8417
8418
8437
8438
8439
8445
8446
8447
8449
8450
8451
8454
8456
8460
8467
8469
8470
8472
8475
8480
8481
8482
8483
8484
8489
8492
8493
8494
8496
8501
8502
8504
8506
8507
8511
8512
8514
8517
8522
8523
8525
8526
8528
8529
8531
8532
8534
8536
8538
8539
8540
8542
8543
8544
8547
8548
8551
8552
8555
8558
8559
8560
8561
8562
8564
8565
8568
8569
8570
8571
8574
8575
8576
8579
8581
8587
8588
8589
8590
8593
8595
8597
8598
8599
8600
8601
8602
8603
8604
8605
8606
8609
8610
8614
8617
8622
8624
8625
8626
8627
8628
8630
8635
8637
8639
8640
8644
8645
8646
8647
8649
8650
8651
8652
8653
8655
8658
8659
8662
8665
8666
8669
8670
8671
8672
8676
8679
8681
8682
8683
8684
8685
8688
8689
8690
8692
8693
8695
8697
8701
8702
8703
8704
8709
8710
8711
8714
8719
8722
8735
8736
8738
8740
8745
8748
8752
8767
8770
8771
8782
8787
8790
8792
8795
8814
8818
8819
8820
8825
8826
8832
8836
8838
8843
8846
8847
8851
8858
8860
8862
8869
8871
8872
8874
8878
8890
8892
8899
8900
8908
8909
8910
8915
8928
8930
8932
8934
8952
8955
8956
8957
8959
8961
8962
8964
8965
8967
8968
8969
8970
8973
8974
8975
8979
8980
8981
8982
8983
8986
8987
8988
8989
8991
8993
8994
8997
8998
9000
9001
9005
9006
9008
9012
9013
9014
9015
9016
9017
9018
9019
9020
9021
9022
9024
9025
9026
9027
9031
9032
9033
9034
9035
9037
9039
9040
9042
9043
9044
9046
9047
9049
9050
9051
9053
9054
9056
9057
9058
9059
9060
9061
9062
9067
9068
9070
9072
9074
9077
9078
9079
9081
9082
9084
9085
9086
9088
9090
9091
9094
9095
9096
9097
9098
9100
9103
9105
9106
9109
9110
9112
9113
9115
9118
9119
9121
9122
9123
9124
9131
9133
9134
9136
9137
9138
9140
9143
9144
9147
9148
9149
9152
9157
9158
9159
9161
9164
9165
9168
9169
9170
9175
9179
9183
9185
9186
9187
9188
9189
9190
9193
9196
9197
9199
9200
9201
9202
9204
9205
9206
9210
9211
9212
9214
9215
9216
9219
9222
9224
9226
9227
9228
9230
9231
9232
9236
9239
9246
9250
9252
9253
9260
9264
9270
9276
9278
9280
9281
9285
9287
9293
9295
9298
9299
9301
9307
9308
9310
9311
9314
9315
9322
9325
9326
9334
9337
9340
9341
9342
9345
9348
9349
9355
9357
9360
9362
9370
9373
9376
9378
9385
9393
9394
9396
9399
9400
9402
9403
9407
9412
9413
9414
9418
9434
9435
9436
9446
9458
9467
9468
9473
9474
9478
9481
9484
9486
9490
9494
9497
9498
9499
9500
9503
9506
9507
9511
9512
9513
9515
9519
9527
9530
9532
9545
9550
9552
9558
9561
9562
9564
9565
9566
9568
9569
9572
9573
9574
9578
9581
9582
9585
9586
9587
9594
9595
9599
9600
9605
9607
9609
9629
9637
9652
9655
9656
9659
9663
9664
9665
9666
9668
9671
9676
9680
9683
9686
9687
9688
9689
9693
9694
9699
9700
9702
9704
9713
9717
9723
9727
9728
9730
9731
9736
9740
9742
9753
9754
9760
9761
9762
9763
9767
9771
9775
9782
9783
9784
9792
9795
9796
9801
9804
9807
9814
9816
9818
9819
9823
9826
9830
9844
9845
9848
9856
9857
9860
9867
9869
9874
9875
9878
9884
9888
9892
9898
9900
9905
9912
9915
9917
9920
9921
9922
9923
9924
9925
9933
9935
9938
9942
9943
9944
9946
9952
9953
9955
9956
9962
9966
9970
9978
9985
9986
9998
10009
10011
10012
10014
10018
10020
10028
10033
10034
10035
10037
10041
10042
10045
10048
10050
10055
10060
10062
10065
10071
10073
10080
10081
10086
10088
10090
10094
10099
10103
10112
10118
10119
10122
10124
10128
10130
10133
10137
10138
10140
10142
10144
10145
10147
10150
10153
10154
10156
10159
10166
10168
10171
10180
10182
10184
10186
10188
10190
10196
10201
10205
10206
10210
10211
10212
10217
10219
10221
10231
10233
10238
10240
10247
10254
10258
10259
10261
10265
10267
10268
10269
10273
10276
10277
10286
10289
10291
10293
10306
10308
10309
10310
10311
10324
10325
10333
10334
10336
10340
10342
10343
10347
10348
10354
10360
10363
10369
10372
10373
10379
10382
10384
10386
10387
10388
10390
10404
10406
10409
10410
10411
10412
10413
10415
10424
10426
10427
10435
10438
10440
10459
10463
10464
10468
10475
10481
10485
10487
10494
10511
10515
10517
10520
10526
10528
10529
10534
10535
10537
10541
10542
10544
10545
10551
10552
10553
10555
10557
10558
10565
10574
10577
10578
10579
10580
10582
10585
10586
10588
10589
10596
10599
10600
10605
10609
10621
10623
10625
10626
10628
10629
10634
10641
10657
10658
10661
10662
10664
10666
10667
10668
10669
10675
10677
10679
10681
10683
10684
10689
10693
10694
10708
10711
10713
10719
10721
10722
10725
10735
10736
10737
10738
10740
10741
10748
10750
10751
10753
10757
10766
10767
10769
10772
10774
10778
10779
10780
10785
10791
10794
10799
10803
10812
10816
10818
10821
10822
10825
10829
10832
10840
10844
10845
10846
10848
10849
10850
10851
10857
10859
10862
10876
10878
10882
10889
10891
10896
10901
10907
10914
10915
10922
10931
10934
10935
10936
10951
10953
10959
10963
10977
10980
10982
10984
10989
10991
10993
10995
10999
11000
11006
11012
11015
11016
11018
11020
11022
11026
11032
11036
11038
11039
11042
11049
11069
11078
11080
11085
11087
11088
11097
11098
11101
11103
11105
11106
11108
11109
11110
11115
11122
11126
11129
11132
11136
11138
11143
11144
11147
11148
11154
11160
11166
11169
11182
11192
11193
11195
11197
11199
11201
11208
11215
11217
11231
11233
11236
11237
11239
11247
11253
11254
11260
11264
11272
11279
11280
11281
11282
11285
11294
11296
11298
11299
11301
11302
11304
11311
11313
11316
11323
11326
11330
11332
11339
11340
11345
11347
11355
11359
11361
11363
11364
11366
11367
11372
11373
11374
11375
11379
11381
11392
11394
11395
11407
11413
11415
11416
11420
11422
11425
11428
11429
11431
11432
11433
11434
11435
11438
11439
11444
11448
11453
11456
11459
11461
11466
11467
11474
11478
11481
11482
11486
11494
11496
11497
11499
11500
11501
11502
11504
11508
11513
11517
11523
11529
11534
11535
11538
11546
11547
11548
11550
11553
11557
11561
11568
11569
11574
11577
11579
11583
11584
11595
11601
11612
11615
11618
11619
11623
11625
11630
11632
11634
11636
11647
11662
11666
11667
11669
11671
11672
11674
11679
11680
11685
11689
11692
11694
11696
11697
11704
11709
11711
11714
11718
11722
11736
11738
11739
11740
11741
11751
11752
11753
11761
11763
11768
11770
11775
11777
11778
11784
11787
11788
11789
11791
11799
11801
11802
11805
11806
11807
11808
11809
11811
11825
11828
11831
11834
11839
11841
11843
11846
11855
11862
11870
11871
11875
11878
11882
11883
11889
11890
11892
11893
11896
11899
11902
11909
11915
11917
11921
11924
11932
11933
11936
11938
11940
11946
11947
11957
11958
11965
11971
11972
11978
11979
11983
11985
11986
11988
11989
11995
11998
12003
12009
12010
12013
12014
12015
12018
12032
12039
12043
12044
12045
12048
12051
12053
12054
12065
12071
12078
12079
12084
12091
12094
12095
12096
12098
12099
12101
12105
12106
12111
12114
12119
12120
12128
12130
12131
12133
12135
12137
12140
12141
12143
12144
12145
12148
12155
12156
12157
12158
12163
12166
12171
12173
12176
12180
12184
12185
12187
12188
12191
12192
12195
12201
12204
12208
12209
12213
12214
12215
12217
12218
12226
12227
12228
12229
12251
12255
12257
12267
12271
12273
12274
12275
12283
12285
12289
12292
12293
12295
12296
12300
12303
12306
12310
12312
12321
12326
12327
12333
12334
12336
12339
12342
12343
12346
12347
12358
12359
12362
12369
12371
12373
12375
12383
12384
12387
12388
12389
12391
12395
12399
12400
12403
12415
12416
12420
12422
12423
12426
12428
12429
12430
12431
12433
12436
12437
12440
12447
12449
12450
12458
12460
12465
12466
12467
12468
12474
12475
12478
12479
12483
12485
12487
12491
12493
12499
12508
12509
12510
12512
12513
12514
12520
12521
12531
12535
12549
12555
12556
12560
12569
12573
12575
12577
12581
12582
12585
12586
12595
12596
12600
12608
12611
12614
12615
12616
12628
12632
12636
12638
12641
12643
12645
12646
12647
12648
12651
12652
12658
12659
12661
12662
12664
12665
12672
12676
12678
12680
12682
12688
12691
12693
12694
12699
12701
12703
12706
12709
12716
12722
12729
12730
12731
12736
12737
12742
12745
12749
12751
12755
12757
12762
12763
12764
12780
12783
12786
12787
12790
12791
12793
12797
12801
12808
12809
12815
12819
12821
12825
12832
12834
12838
12841
12842
12844
12849
12854
12856
12861
12862
12863
12864
12865
12866
12867
12868
12869
12872
12873
12874
12879
12892
12893
12902
12905
12909
12911
12916
12920
12922
12923
12924
12935
12938
12948
12949
12951
12953
12956
12960
12966
12968
12970
12983
12987
12992
12994
13002
13003
13007
13012
13013
13015
13017
13019
13026
13027
13028
13038
13040
13044
13045
13048
13057
13063
13070
13071
13073
13074
13078
13081
13085
13089
13094
13097
13100
13103
13108
13113
13115
13116
13121
13128
13132
13137
13147
13154
13159
13167
13168
13169
13171
13175
13184
13185
13189
13194
13195
13198
13201
13202
13203
13221
13223
13226
13228
13230
13234
13237
13243
13250
13261
13265
13269
13270
13272
13281
13284
13287
13289
13295
13299
13306
13314
13317
13320
13325
13327
13329
13330
13333
13339
13340
13342
13343
13344
13347
13353
13357
13358
13362
13366
13369
13376
13378
13383
13391
13392
13398
13401
13403
13407
13411
13413
13416
13417
13418
13419
13420
13434
13436
13437
13440
13442
13443
13447
13448
13449
13450
13451
13461
13467
13468
13470
13471
13477
13490
13495
13497
13498
13500
13505
13509
13510
13511
13524
13526
13529
13531
13534
13537
13539
13541
13545
13550
13560
13573
13580
13581
13586
13587
13596
13601
13604
13608
13615
13616
13619
13621
13624
13625
13626
13627
13630
13634
13637
13641
13646
13647
13652
13653
13670
13673
13677
13696
13701
13707
13709
13710
13711
13716
13720
13721
13724
13725
13728
13733
13734
13736
13737
13740
13742
13745
13754
13757
13764
13765
13767
13777
13785
13786
13791
13797
13799
13803
13806
13808
13815
13816
13818
13819
13823
13825
13826
13829
13835
13836
13838
13842
13843
13846
13849
13852
13854
13855
13858
13869
13871
13872
13873
13878
13886
13893
13894
13895
13898
13900
13901
13905
13912
13914
13917
13918
13921
13927
13934
13937
13942
13944
13946
13948
13955
13971
13973
13982
13988
13990
13992
13994
13997
13998
14003
14005
14007
14008
14009
14014
14022
14023
14028
14032
14035
14041
14044
14047
14052
14065
14066
14067
14073
14074
14075
14081
14086
14089
14092
14093
14094
14095
14096
14097
14102
14115
14119
14121
14128
14133
14136
14138
14140
14143
14146
14148
14150
14158
14160
14161
14164
14165
14166
14171
14174
14179
14184
14187
14197
14200
14201
14205
14210
14211
14216
14217
14219
14224
14226
14228
14230
14233
14238
14239
14241
14243
14249
14250
14257
14258
14261
14263
14267
14275
14291
14297
14299
14301
14306
14322
14323
14327
14330
14331
14338
14341
14346
14370
14371
14376
14380
14381
14384
14385
14386
14390
14391
14394
14395
14399
14400
14401
14406
14409
14416
14417
14421
14423
14425
14428
14436
14437
14446
14453
14457
14459
14460
14461
14463
14468
14472
14474
14475
14480
14492
14495
14496
14500
14509
14510
14512
14519
14520
14527
14529
14531
14534
14535
14538
14540
14543
14551
14553
14555
14557
14558
14560
14561
14564
14581
14582
14583
14586
14587
14591
14599
14601
14605
14610
14611
14615
14618
14621
14627
14628
14635
14637
14645
14649
14651
14654
14657
14660
14671
14672
14673
14674
14680
14683
14691
14692
14700
14701
14704
14715
14718
14725
14727
14729
14730
14738
14741
14743
14745
14746
14748
14750
14751
14766
14769
14775
14779
14782
14783
14791
14800
14801
14806
14808
14815
14826
14830
14841
14845
14848
14852
14855
14859
14861
14863
14869
14882
14890
14897
14900
14907
14911
14914
14915
14916
14920
14921
14924
14927
14929
14930
14935
14943
14947
14949
14959
14961
14962
14969
14973
14974
14980
14986
14995
14997
14998
15000
15001
15002
15008
15010
15012
15021
15023
15025
15029
15030
15031
15040
15043
15046
15049
15050
15051
15054
15061
15063
15069
15074
15086
15091
15092
15097
15102
15103
15106
15109
15111
15114
15122
15126
15128
15133
15134
15135
15143
15147
15157
15165
15174
15188
15189
15190
15192
15194
15195
15206
15209
15215
15218
15221
15222
15229
15234
15236
15238
15240
15243
15244
15246
15253
15261
15269
15270
15292
15297
15302
15303
15306
15307
15309
15313
15314
15329
15334
15336
15338
15341
15349
15353
15354
15359
15360
15362
15363
15368
15370
15377
15378
15388
15402
15413
15420
15421
15423
15425
15431
15432
15439
15443
15446
15448
15451
15453
15460
15463
15473
15474
15479
15481
15485
15487
15499
15500
15501
15505
15506
15508
15514
15515
15517
15527
15531
15533
15534
15538
15539
15541
15542
15544
15548
15549
15551
15555
15556
15564
15566
15569
15571
15572
15573
15574
15577
15578
15580
15582
15588
15590
15595
15598
15601
15603
15604
15608
15617
15621
15634
15635
15641
15643
15649
15653
15662
15669
15673
15676
15678
15680
15681
15683
15688
15689
15696
15697
15698
15699
15700
15704
15707
15708
15710
15717
15720
15728
15729
15730
15735
15736
15745
15747
15753
15754
15755
15756
15758
15760
15761
15764
15772
15773
15774
15779
15798
15801
15805
15806
15808
15810
15812
15816
15817
15822
15823
15826
15828
15829
15833
15836
15840
15844
15847
15851
15853
15860
15865
15867
15872
15875
15876
15879
15881
15882
15885
15887
15889
15890
15891
15897
15901
15902
15905
15907
15909
15915
15919
15925
15930
15932
15934
15935
15938
15951
15952
15955
15956
15958
15962
15965
15970
15972
15973
15977
15978
15979
15982
15989
15992
15993
15994
15996
16000
16002
16004
16005
16008
16010
16011
16016
16023
16027
16033
16036
16038
16039
16040
16055
16056
16057
16059
16063
16065
16068
16070
16073
16075
16080
16089
16092
16094
16097
16099
16103
16114
16115
16120
16125
16129
16135
16136
16138
16144
16145
16147
16153
16156
16163
16164
16166
16168
16169
16171
16175
16176
16179
16180
16183
16184
16188
16190
16192
16194
16195
16196
16199
16200
16201
16202
16209
16210
16220
16231
16234
16236
16237
16238
16240
16241
16242
16243
16247
16248
16249
16250
16255
16259
16260
16263
16265
16266
16268
16269
16270
16279
16289
16293
16296
16298
16299
16300
16302
16304
16309
16316
16317
16320
16323
16326
16330
16337
16338
16348
16351
16357
16361
16365
16366
16368
16369
16372
16377
16379
16381
16383
16384
16392
16393
16396
16397
16402
16404
16405
16406
16410
16411
16416
16419
16421
16423
16425
16430
16436
16437
16440
16444
16450
16459
16466
16469
16473
16480
16487
16491
16493
16494
16497
16499
16509
16511
16519
16523
16528
16530
16533
16536
16541
16550
16554
16556
16559
16560
16564
16568
16573
16581
16582
16584
16585
16586
16588
16591
16593
16596
16600
16605
16607
16612
16614
16624
16625
16627
16630
16632
16633
16637
16639
16640
16643
16645
16646
16648
16652
16654
16658
16659
16663
16671
16672
16673
16687
16690
16691
16693
16698
16700
16702
16704
16707
16708
16709
16711
16712
16721
16722
16732
16738
16740
16742
16743
16744
16749
16750
16751
16754
16762
16765
16767
16785
16793
16795
16799
16816
16821
16823
16827
16836
16852
16854
16858
16859
16864
16865
16869
16876
16877
16879
16882
16884
16886
16892
16894
16899
16903
16909
16911
16914
16916
16923
16926
16930
16938
16940
16942
16947
16951
16956
16957
16961
16962
16975
16980
16983
16985
16986
16992
16995
17006
17007
17008
17009
17019
17021
17023
17028
17030
17033
17036
17037
17041
17043
17051
17052
17054
17055
17062
17069
17070
17077
17078
17079
17084
17088
17092
17100
17112
17113
17116
17123
17127
17134
17135
17136
17144
17145
17146
17148
17149
17152
17153
17155
17156
17157
17159
17163
17166
17168
17172
17180
17184
17189
17198
17202
17206
17212
17223
17224
17227
17239
17241
17246
17256
17261
17263
17268
17271
17274
17277
17280
17283
17284
17285
17287
17288
17296
17302
17303
17306
17308
17310
17313
17317
17330
17331
17339
17340
17341
17343
17346
17348
17350
17356
17362
17367
17368
17369
17372
17375
17376
17378
17380
17381
17382
17383
17388
17389
17395
17404
17410
17416
17418
17420
17421
17427
17430
17432
17433
17434
17441
17448
17451
17455
17456
17467
17470
17472
17474
17475
17482
17484
17498
17499
17505
17507
17511
17515
17517
17524
17525
17533
17534
17539
17541
17550
17552
17557
17567
17570
17572
17584
17592
17593
17597
17598
17600
17611
17615
17622
17633
17636
17638
17640
17642
17643
17646
17647
17651
17660
17663
17673
17675
17678
17682
17683
17684
17692
17699
17700
17702
17703
17705
17707
17710
17720
17722
17724
17727
17729
17748
17749
17754
17755
17757
17759
17763
17764
17765
17768
17773
17786
17794
17797
17807
17813
17817
17819
17820
17821
17828
17832
17839
17842
17844
17860
17861
17862
17872
17874
17879
17881
17891
17893
17894
17901
17907
17913
17918
17921
17929
17932
17936
17939
17944
17952
17956
17959
17960
17975
17977
17980
17995
18000
18005
18018
18024
18025
18035
18037
18040
18042
18048
18049
18051
18065
18068
18070
18071
18074
18076
18078
18080
18081
18082
18091
18098
18099
18104
18108
18114
18116
18126
18127
18128
18137
18150
18151
18155
18162
18163
18166
18169
18172
18178
18182
18183
18191
18192
18193
18194
18195
18201
18207
18209
18213
18217
18220
18222
18226
18239
18254
18255
18256
18261
18267
18268
18269
18273
18277
18281
18292
18298
18304
18305
18306
18308
18310
18312
18317
18318
18325
18329
18331
18333
18337
18338
18339
18344
18345
18347
18351
18353
18354
18355
18357
18362
18366
18368
18380
18391
18392
18394
18397
18400
18403
18405
18406
18410
18411
18413
18416
18417
18421
18422
18426
18429
18432
18436
18438
18442
18443
18446
18450
18461
18465
18471
18474
18476
18477
18485
18488
18489
18490
18495
18497
18499
18512
18518
18532
18537
18548
18554
18555
18557
18562
18565
18566
18568
18571
18574
18582
18587
18589
18596
18602
18604
18608
18609
18611
18613
18614
18615
18619
18620
18623
18624
18630
18634
18635
18637
18640
18643
18644
18647
18649
18651
18662
18665
18672
18679
18683
18686
18689
18696
18699
18700
18717
18718
18724
18732
18738
18745
18746
18757
18758
18760
18762
18765
18766
18767
18768
18773
18774
18778
18782
18786
18787
18789
18791
18792
18793
18798
18799
18802
18815
18824
18830
18832
18833
18844
18848
18849
18850
18852
18853
18855
18856
18858
18859
18861
18866
18867
18868
18873
18875
18876
18877
18879
18880
18881
18882
18883
18886
18888
18889
18890
18892
18893
18894
18896
18898
18900
18901
18906
18907
18911
18914
18916
18917
18919
18921
18922
18923
18926
18930
18936
18938
18939
18942
18944
18945
18946
18947
18948
18949
18950
18953
18955
18956
18957
18960
18963
18972
18974
18976
18977
18978
18979
18980
18982
18983
18985
18986
18989
18990
18995
18996
18997
18998
18999
19000
19001
19002
19003
19004
19005
19006
19007
19008
19011
19013
19014
19015
19017
19018
19024
19025
19029
19030
19031
19036
19037
19043
19047
19052
19053
19054
19060
19061
19062
19063
19064
19065
19066
19067
19069
19072
19073
19076
19079
19080
19081
19082
19084
19088
19091
19092
19094
19095
19096
19097
19098
19101
19102
19103
19104
19108
19111
19113
19115
19117
19118
19123
19125
19127
19129
19130
19132
19133
19134
19137
19139
19144
19145
19147
19149
19151
19152
19153
19154
19155
19157
19158
19161
19164
19166
19169
19173
19174
19175
19179
19180
19182
19184
19187
19188
19191
19193
19195
19197
19198
19200
19201
19202
19207
19208
19214
19215
19216
19218
19219
19221
19227
19228
19229
19230
19231
19235
19236
19237
19240
19241
19243
19247
19248
19249
19251
19252
19253
19257
19259
19260
19261
19264
19267
19269
19270
19274
19277
19278
19279
19284
19286
19287
19289
19290
19293
19295
19297
19298
19302
19303
19305
19307
19311
19313
19314
19315
19317
19320
19323
19324
19325
19327
19328
19329
19330
19331
19333
19334
19336
19337
19342
19345
19349
19351
19352
19356
19361
19362
19364
19365
19366
19369
19373
19374
19376
19377
19378
19383
19384
19385
19386
19387
19390
19392
19394
19396
19397
19398
19399
19406
19409
19410
19417
19419
19421
19422
19430
19431
19433
19434
19437
19441
19443
19447
19448
19449
19453
19454
19459
19460
19461
19465
19468
19469
19473
19477
19478
19480
19481
19482
19483
19485
19486
19487
19489
19490
19493
19494
19495
19497
19498
19502
19505
19506
19507
19508
19509
19519
19521
19522
19527
19528
19530
19531
19532
19534
19535
19536
19538
19540
19541
19542
19543
19545
19546
19547
19553
19555
19560
19561
19563
19567
19569
19572
19573
19574
19579
19581
19583
19587
19588
19591
19595
19596
19598
19605
19607
19608
19614
19615
19616
19617
19620
19623
19625
19627
19628
19629
19634
19635
19637
19638
19640
19641
19643
19645
19646
19647
19649
19651
19653
19655
19658
19663
19664
19667
19668
19671
19673
19676
19677
19679
19682
19688
19689
19692
19696
19697
19698
19701
19702
19704
19705
19706
19712
19713
19716
19717
19718
19724
19725
19729
19730
19731
19732
19734
19735
19736
19738
19740
19742
19744
19745
19746
19747
19749
19753
19755
19756
19757
19758
19759
19761
19763
19765
19766
19769
19771
19773
19775
19776
19778
19780
19784
19788
19789
19790
19792
19793
19794
19795
19797
19798
19800
19802
19803
19808
19809
19813
19814
19815
19816
19818
19819
19822
19825
19827
19828
19830
19833
19834
19835
19837
19838
19840
19843
19845
19846
19848
19849
19850
19851
19852
19855
19856
19857
19858
19859
19860
19861
19862
19869
19871
19873
19874
19877
19880
19882
19887
19888
19889
19890
19893
19897
19898
19899
19901
19903
19905
19906
19908
19910
19912
19913
19914
19915
19918
19920
19921
19922
19925
19926
19927
19928
19930
19932
19933
19934
19936
19938
19939
19940
19941
19944
19946
19947
19950
19952
19954
19955
19956
19957
19960
19962
19963
19964
19965
19970
19971
19972
19975
19976
19977
19978
19981
19984
19986
19987
19992
19993
19994
19995
19997
19998
19999
20000
20003
20006
20008
20012
20013
20014
20016
20020
20021
20024
20025
20026
20027
20029
20030
20035
20037
20039
20041
20042
20043
20044
20046
20048
20050
20053
20054
20056
20057
20059
20060
20063
20065
20066
20067
20068
20071
20072
20078
20081
20083
20086
20087
20088
20092
20093
20095
20097
20102
20103
20104
20108
20109
20113
20115
20116
20117
20118
20119
20123
20126
20131
20132
20135
20136
20137
20141
20142
20143
20144
20145
20146
20147
20148
20151
20152
20155
20157
20159
20163
20164
20165
20166
20167
20168
20171
20177
20178
20180
20181
20184
20190
20193
20195
20198
20201
20205
20206
20208
20209
20210
20212
20213
20218
20220
20223
20224
20225
20226
20228
20229
20231
20232
20233
20236
20237
20238
20239
20241
20242
20245
20246
20249
20250
20255
20256
20257
20263
20264
20265
20266
20268
20269
20271
20272
20274
20275
20278
20280
20283
20284
20285
20286
20287
20288
20289
20290
20292
20293
20301
20326
20337
20338
20339
20340
20351
20354
20355
20357
20358
20359
20362
20363
20364
20365
20366
20367
20369
20372
20376
20377
20380
20383
20384
20387
20389
20390
20393
20395
20400
20405
20406
20407
20408
20409
20413
20414
20415
20416
20423
20426
20428
20430
20432
20433
20436
20438
20440
20441
20443
20446
20451
20453
20454
20456
20457
20458
20461
20467
20479
20480
20483
20484
20485
20489
20491
20493
20495
20496
20497
20498
20502
20503
20504
20505
20507
20508
20509
20510
20511
20521
20523
20524
20527
20530
20531
20537
20548
20568
20572
20574
20579
20594
20599
20605
20621
20622
20624
20631
20633
20636
20637
20638
20645
20647
20648
20649
20650
20651
20652
20654
20658
20659
20661
20662
20665
20667
20668
20669
20670
20671
20673
20675
20678
20679
20681
20682
20683
20685
20687
20688
20689
20690
20691
20692
20694
20695
20696
20697
20698
20699
20700
20701
20702
20703
20707
20708
20711
20715
20717
20722
20727
20728
20729
20732
20733
20734
20736
20738
20739
20740
20742
20743
20748
20749
20752
20753
20754
20755
20757
20759
20760
20761
20762
20764
20766
20767
20769
20770
20771
20772
20773
20775
20776
20778
20779
20780
20781
20785
20789
20790
20792
20795
20798
20800
20802
20805
20810
20816
20817
20821
20830
20843
20846
20847
20848
20852
20853
20854
20856
20858
20861
20863
20865
20869
20870
20871
20872
20874
20875
20876
20877
20878
20879
20880
20881
20882
20884
20885
20886
20888
20889
20890
20891
20892
20894
20895
20896
20897
20898
20900
20902
20903
20904
20906
20907
20910
20913
20914
20915
20922
20931
20932
20933
20935
20936
20937
20938
20940
20942
20943
20944
20946
20948
20949
20950
20951
20952
20954
20955
20957
20958
20960
20962
20971
20978
20979
20987
20994
20996
20997
21001
21003
21005
21008
21010
21012
21013
21016
21019
21025
21027
21030
21039
21045
21046
21047
21050
21052
21054
21056
21057
21058
21059
21061
21065
21067
21068
21070
21071
21072
21073
21074
21075
21077
21079
21081
21083
21085
21086
21087
21088
21089
21090
21095
21103
21108
21114
21125
21126
21127
21131
21132
21134
21135
21139
21144
21145
21151
21155
21163
21167
21168
21171
21175
21176
21184
21190
21192
21195
21207
21210
21217
21218
21220
21222
21225
21227
21228
21230
21232
21238
21242
21244
21246
21248
21250
21255
21259
21262
21265
21266
21267
21268
21269
21270
21274
21285
21286
21287
21289
21290
21291
21292
21293
21294
21303
21306
21307
21308
21312
21314
21315
21316
21318
21320
21323
21341
21342
21344
21345
21346
21347
21350
21357
21361
21363
21375
21376
21377
21385
21386
21391
21393
21402
21412
21413
21416
21420
21426
21427
21430
21432
21433
21435
21439
21442
21459
21472
21473
21476
21480
21481
21485
21489
21495
21504
21526
21529
21531
21541
21549
21553
21558
21559
21566
21572
21575
21576
21578
21580
21588
21592
21596
21599
21604
21605
21608
21611
21612
21615
21616
21617
21619
21620
21621
21625
21627
21628
21630
21633
21637
21640
21646
21650
21653
21656
21658
21667
21668
21670
21671
21672
21676
21678
21680
21681
21683
21684
21688
21690
21694
21695
21696
21697
21698
21700
21702
21703
21710
21714
21715
21716
21719
21721
21722
21723
21724
21728
21729
21730
21731
21733
21735
21736
21738
21742
21743
21745
21746
21748
21749
21750
21751
21753
21757
21758
21759
21766
21767
21775
21779
21781
21783
21785
21788
21789
21790
21794
21795
21797
21798
21805
21807
21809
21811
21812
21813
21816
21822
21823
21824
21825
21826
21827
21828
21829
21830
21833
21836
21837
21838
21840
21841
21846
21847
21848
21851
21853
21854
21855
21859
21863
21864
21865
21868
21870
21871
21872
21875
21876
21878
21881
21882
21886
21890
21892
21893
21897
21900
21902
21905
21906
21908
21909
21911
21913
21914
21918
21920
21921
21923
21927
21928
21930
21934
21936
21941
21948
21949
21950
21953
21957
21958
21963
21967
21970
21972
21975
21983
21984
21985
21989
21992
21993
21995
21998
22003
22007
22008
22011
22012
22014
22015
22016
22017
22018
22019
22021
22022
22023
22024
22025
22027
22029
22035
22036
22038
22040
22042
22043
22046
22047
22052
22053
22055
22058
22061
22062
22065
22066
22067
22070
22071
22073
22078
22080
22082
22111
22112
22113
22114
22115
22117
22119
22120
22127
22133
22134
22137
22141
22146
22149
22151
22152
22154
22155
22156
22157
22158
22161
22162
22163
22169
22174
22176
22181
22184
22185
22191
22192
22198
22199
22201
22205
22206
22209
22210
22212
22217
22219
22223
22228
22242
22245
22249
22257
22260
22262
22263
22268
22275
22279
22282
22283
22284
22287
22290
22293
22295
22303
22304
22307
22308
22309
22311
22312
22316
22319
22321
22322
22324
22328
22331
22335
22336
22337
22340
22344
22345
22348
22350
22356
22358
22360
22361
22363
22367
22368
22370
22375
22378
22383
22384
22386
22387
22388
22391
22392
22393
22396
22397
22398
22399
22402
22406
22408
22414
22417
22423
22424
22428
22429
22430
22434
22437
22441
22442
22443
22446
22447
22448
22453
22455
22456
22458
22459
22462
22464
22466
22467
22468
22469
22471
22476
22479
22486
22487
22491
22493
22496
22499
22501
22504
22506
22507
22510
22512
22513
22518
22520
22524
22526
22532
22534
22535
22538
22539
22542
22543
22547
22551
22552
22553
22556
22558
22561
22568
22571
22573
22574
22575
22578
22580
22584
22587
22592
22594
22601
22602
22604
22608
22610
22612
22613
22615
22616
22619
22622
22624
22627
22632
22634
22635
22640
22641
22643
22644
22648
22652
22656
22659
22671
22672
22673
22675
22679
22680
22685
22687
22689
22694
22697
22698
22699
22700
22701
22702
22703
22704
22705
22710
22716
22717
22718
22719
22721
22724
22725
22726
22730
22732
22735
22737
22738
22739
22748
22751
22752
22753
22759
22761
22762
22763
22767
22772
22773
22774
22775
22778
22779
22781
22782
22783
22790
22791
22792
22793
22796
22799
22803
22812
22815
22817
22821
22822
22824
22831
22834
22840
22843
22844
22846
22848
22855
22856
22858
22859
22860
22862
22863
22864
22865
22866
22873
22877
22878
22879
22881
22882
22885
22887
22888
22889
22891
22892
22894
22895
22897
22901
22902
22903
22904
22911
22915
22919
22920
22922
22923
22924
22925
22926
22927
22928
22931
22934
22938
22942
22944
22945
22946
22948
22949
22954
22957
22958
22966
22968
22969
22970
22971
22973
22977
22979
22981
22983
22985
22986
22990
22992
22995
23003
23005
23008
23011
23012
23013
23021
23023
23024
23032
23034
23036
23038
23039
23046
23047
23048
23049
23057
23058
23060
23061
23063
23064
23066
23067
23068
23070
23072
23074
23075
23077
23078
23079
23080
23081
23083
23084
23085
23088
23089
23090
23092
23093
23094
23097
23100
23106
23109
23111
23114
23115
23116
23119
23121
23122
23124
23126
23127
23131
23137
23138
23142
23145
23148
23149
23151
23153
23157
23160
23163
23166
23167
23169
23172
23173
23174
23175
23179
23180
23182
23183
23184
23186
23188
23189
23190
23192
23193
23194
23195
23196
23199
23200
23201
23203
23204
23205
23206
23208
23210
23214
23215
23216
23218
23219
23220
23221
23224
23225
23226
23228
23230
23232
23233
23234
23235
23239
23240
23243
23244
23247
23249
23250
23251
23253
23254
23255
23258
23259
23260
23261
23262
23263
23264
23265
23266
23268
23270
23273
23276
23277
23279
23280
23282
23283
23284
23285
23286
23289
23291
23292
23293
23299
23306
23307
23308
23311
23312
23313
23316
23317
23318
23319
23320
23322
23323
23324
23325
23326
23327
23328
23329
23330
23332
23335
23347
23348
23350
23351
23352
23357
23364
23367
23369
23370
23371
23373
23377
23378
23381
23382
23384
23388
23389
23391
23392
23394
23396
23400
23403
23405
23408
23409
23410
23411
23412
23413
23414
23415
23416
23417
23419
23424
23427
23429
23432
23433
23434
23440
23443
23444
23445
23446
23448
23450
23452
23456
23459
23461
23462
23463
23464
23467
23468
23471
23472
23473
23476
23477
23482
23483
23486
23489
23501
23502
23504
23505
23509
23511
23513
23519
23521
23531
23539
23542
23543
23544
23545
23546
23548
23549
23550
23551
23552
23553
23555
23556
23557
23559
23560
23562
23564
23565
23566
23568
23570
23572
23573
23574
23575
23577
23578
23579
23580
23581
23582
23584
23586
23588
23591
23592
23593
23594
23595
23598
23599
23600
23601
23603
23604
23608
23610
23611
23612
23615
23616
23617
23619
23621
23623
23625
23626
23627
23628
23629
23630
23631
23632
23633
23635
23636
23637
23639
23642
23645
23647
23648
23649
23650
23652
23653
23654
23655
23656
23657
23658
23659
23660
23661
23662
23663
23664
23665
23666
23668
23669
23670
23672
23673
23674
23675
23676
23677
23678
23679
23680
23681
23682
23683
23684
23685
23686
23687
23688
23689
23690
23691
23692
23696
23697
23698
23699
23700
23701
23702
23703
23704
23705
23706
23707
23708
23710
23712
23713
23715
23718
23719
23720
23721
23722
23724
23725
23730
23731
23734
23735
23739
23740
23743
23746
23754
23756
23757
23758
23759
23760
23765
23766
23767
23770
23771
23772
23773
23776
23778
23780
23781
23787
23789
23791
23793
23794
23797
23799
23803
23806
23808
23809
23811
23819
23820
23823
23824
23826
23828
23833
23835
23836
23837
23839
23842
23843
23847
23849
23850
23852
23857
23858
23860
23861
23864
23868
23872
23873
23878
23879
23880
23881
23882
23886
23889
23896
23897
23902
23904
23905
23906
23907
23908
23911
23912
23913
23916
23918
23919
23920
23921
23922
23924
23928
23929
23930
23932
23933
23934
23935
23937
23938
23939
23940
23941
23944
23945
23947
23948
23949
23950
23951
23952
23953
23954
23955
23957
23958
23959
23960
23961
23962
23963
23964
23965
23966
23967
23968
23969
23970
23971
23972
23973
23974
23976
23977
23978
23979
23980
23981
23982
23986
23987
23991
23992
23993
23996
23997
23999
24000
24003
24005
24006
24007
24008
24010
24011
24012
24013
24014
24015
24016
24017
24020
24023
24024
24029
24030
24031
24033
24034
24035
24037
24039
24040
24043
24048
24053
24057
24062
24064
24065
24066
24067
24068
24069
24073
24077
24078
24079
24081
24091
24093
24094
24095
24097
24098
24100
24102
24105
24107
24111
24115
24119
24124
24129
24132
24134
24135
24137
24138
24139
24147
24150
24152
24156
24157
24160
24163
24168
24169
24171
24175
24176
24179
24180
24181
24182
24183
24185
24187
24190
24194
24197
24198
24199
24200
24203
24205
24206
24208
24211
24213
24214
24217
24218
24219
24220
24221
24222
24228
24230
24232
24234
24237
24238
24239
24243
24248
24251
24253
24254
24256
24259
24260
24262
24264
24269
24270
24272
24275
24278
24282
24283
24284
24289
24294
24301
24304
24305
24306
24307
24309
24310
24312
24315
24318
24321
24322
24324
24330
24331
24333
24340
24342
24344
24346
24349
24350
24351
24355
24359
24360
24361
24363
24364
24365
24366
24370
24372
24375
24376
24377
24380
24382
24384
24387
24388
24389
24391
24397
24398
24399
24401
24405
24407
24408
24409
24410
24411
24414
24415
24416
24420
24424
24426
24427
24429
24431
24432
24433
24435
24436
24437
24442
24443
24445
24446
24447
24448
24450
24451
24452
24455
24456
24459
24460
24461
24462
24464
24465
24471
24472
24473
24477
24479
24483
24484
24485
24486
24487
24488
24494
24496
24497
24499
24500
24504
24505
24506
24508
24509
24510
24511
24513
24514
24516
24517
24518
24519
24520
24521
24523
24524
24528
24530
24531
24532
24533
24534
24537
24539
24545
24547
24548
24554
24556
24557
24560
24562
24563
24566
24567
24568
24569
24571
24573
24574
24575
24576
24577
24578
24579
24580
24581
24583
24584
24589
24590
24591
24593
24595
24600
24602
24604
24608
24611
24614
24615
24623
24625
24626
24627
24628
24630
24631
24633
24635
24636
24639
24640
24642
24646
24647
24648
24650
24651
24654
24655
24656
24657
24658
24660
24661
24667
24670
24671
24673
24677
24678
24680
24681
24683
24685
24686
24687
24689
24690
24691
24693
24695
24697
24698
24699
24703
24705
24707
24708
24709
24711
24712
24713
24714
24717
24719
24721
24722
24724
24725
24726
24727
24728
24729
24731
24732
24733
24734
24735
24736
24737
24738
24739
24740
24741
24742
24743
24751
24757
24762
24765
24768
24771
24772
24782
24783
24792
24796
24799
24800
24810
24812
24813
24825
24830
24832
24838
24839
24840
24842
24844
24845
24848
24849
24851
24857
24858
24859
24861
24867
24878
24879
24880
24881
24883
24884
24885
24886
24887
24889
24891
24894
24895
24897
24899
24901
24902
24907
24908
24909
24913
24915
24917
24918
24919
24922
24924
24926
24927
24928
24929
24931
24933
24935
24937
24938
24939
24941
24946
24947
24948
24949
24950
24953
24957
24958
24959
24960
24961
24962
24965
24966
24968
24970
24971
24972
24973
24974
24975
24976
24977
24980
24981
24982
24983
24985
24986
24988
24990
24991
24992
24993
24994
24995
24996
25000
25002
25004
25006
25011
25019
25020
25021
25022
25023
25024
25025
25029
25030
25034
25035
25038
25040
25041
25042
25050
25052
25054
25056
25062
25063
25065
25068
25069
25071
25073
25078
25080
25082
25084
25085
25089
25091
25092
25093
25100
25101
25104
25106
25108
25112
25116
25118
25121
25123
25125
25128
25130
25134
25137
25139
25141
25143
25145
25146
25148
25150
25152
25155
25156
25159
25163
25164
25165
25166
25167
25168
25169
25170
25171
25173
25174
25175
25176
25177
25178
25179
25180
25181
25182
25183
25184
25185
25187
25189
25190
25191
25192
25193
25194
25195
25196
25197
25198
25199
25202
25206
25213
25214
25221
25228
25232
25236
25238
25241
25244
25247
25248
25250
25251
25254
25257
25258
25260
25264
25272
25280
25284
25292
25296
25297
25300
25306
25320
25325
25326
25328
25329
25331
25335
25337
25338
25344
25345
25348
25353
25367
25368
25370
25371
25372
25375
25383
25385
25392
25393
25394
25395
25399
25405
25408
25416
25420
25424
25426
25436
25437
25439
25441
25446
25449
25465
25469
25471
25472
25476
25477
25478
25480
25488
25489
25490
25491
25495
25496
25500
25501
25506
25507
25508
25509
25511
25512
25513
25514
25516
25520
25522
25523
25524
25526
25527
25528
25530
25532
25533
25535
25536
25542
25546
25547
25554
25555
25557
25559
25561
25562
25563
25564
25567
25569
25570
25571
25573
25574
25575
25577
25578
25579
25580
25585
25587
25588
25589
25590
25591
25592
25593
25594
25596
25598
25600
25601
25604
25605
25606
25607
25608
25609
25610
25611
25612
25613
25615
25616
25619
25621
25622
25624
25625
25628
25631
25632
25635
25640
25643
25644
25645
